100
4 2
5 2
6 2
1000 1000
1000 1
397101 310959
802199 748644
999999 314388
293457 223393
827789 813065
500000 237857
500000 160530
1000000 1000000
500000 1
263076 262919
1000000 127
1000000 128
990875 935404
730713 633700
999999 475712
999999 479609
453098 364827
2 1
999999 1
971355 871012
557647 426151
3 1
1000000 524288
500000 131071
601734 470651
328972 302991
659786 619105
422736 328114
1000000 262144
1000000 442953
1000000 501341
999999 524288
1000000 999999
4 1
704697 669482
1000000 2
999999 262144
1000000 475712
651726 501063
352092 291043
500000 249999
861508 785297
500000 127
346782 273231
1000000 262143
1000000 499998
500000 250000
500000 262143
500000 499999
829012 650464
999999 499997
1000000 475713
2 2
962027 897802
509660 401530
500000 262144
1000000 500000
999999 999998
503995 406802
736700 562035
999999 127
1 1
665177 589901
949176 762706
999999 524287
999999 475711
773456 624138
1000000 524287
645917 562663
500000 237856
857337 666102
551222 506840
292139 250934
500000 257694
766532 658298
500000 131072
999999 499999
5 1
500000 128
999999 262143
914486 781348
1000000 1
1000000 499999
500000 2
608175 509512
999999 128
999999 499998
500000 500000
568556 468999
404942 327431
999999 2
999999 999999
500000 249998
619786 579864
3 2
