100
6 2 0 2 0 2 0
3 1 0 2 0 0 0
6 2 0 1 1 2 0
4 0 0 2 0 0 2
999 250 0 250 0 499 0
558 203 42 35 200 43 35
3 0 2 0 0 1 0
7 2 1 0 1 2 1
997 3 248 249 0 249 248
707 292 0 169 0 246 0
1000 1 0 500 0 499 0
189 15 49 31 14 52 28
273 42 28 67 42 28 66
418 124 45 42 121 46 40
1000 2 249 250 0 250 249
370 18 85 84 15 86 82
645 42 48 233 41 51 230
8 2 1 2 1 1 1
998 167 166 166 166 167 166
731 321 1 45 321 1 42
4 2 0 0 2 0 0
7 2 0 1 1 3 0
999 333 0 333 0 333 0
6 0 0 3 0 3 0
944 277 50 146 277 50 144
7 2 0 2 0 2 1
605 82 88 132 81 90 132
4 1 0 2 0 1 0
6 3 1 0 0 2 0
5 3 0 0 0 2 0
8 2 1 1 1 2 1
999 0 499 0 0 500 0
3 0 0 0 0 3 0
999 499 0 1 0 499 0
5 2 0 2 1 0 0
13 3 2 3 1 3 1
849 181 36 208 179 38 207
1000 0 500 0 0 500 0
4 2 0 1 0 1 0
86 18 3 23 16 4 22
999 500 0 249 0 250 0
765 229 14 141 227 15 139
343 39 0 159 0 145 0
4 1 0 1 0 2 0
4 3 0 0 1 0 0
7 2 2 0 1 2 0
1000 500 0 0 0 500 0
698 16 56 277 14 58 277
322 29 1 131 27 4 130
9 2 1 3 1 2 0
999 332 1 332 1 332 1
431 34 175 6 34 176 6
5 3 0 0 2 0 0
7 0 1 2 1 2 1
6 3 0 1 0 2 0
1000 333 0 333 0 334 0
6 2 0 2 1 1 0
337 73 48 48 72 49 47
999 500 0 0 0 499 0
1000 250 0 250 0 500 0
16 3 2 3 3 3 2
630 8 273 34 5 276 34
1000 499 0 501 0 0 0
80 29 0 20 0 31 0
999 0 500 0 0 499 0
4 2 0 2 0 0 0
4 2 0 1 1 0 0
8 1 1 2 1 2 1
121 20 17 22 20 20 22
5 1 0 2 0 1 1
7 2 1 2 1 0 1
7 1 1 2 0 2 1
560 99 50 132 99 50 130
999 167 166 167 166 167 166
999 250 249 1 249 250 0
14 3 2 3 2 3 1
5 2 0 0 2 1 0
547 4 4 266 3 7 263
6 2 1 0 1 2 0
82 20 1 22 17 3 19
7 2 0 3 1 0 1
5 1 0 2 1 0 1
755 82 96 200 81 99 197
12 3 1 3 1 3 1
593 56 84 157 53 87 156
5 1 0 1 0 3 0
4 0 1 0 0 2 1
344 105 40 29 103 41 26
4 0 0 1 0 3 0
998 0 249 250 0 250 249
8 2 1 2 0 2 1
369 9 80 96 8 82 94
3 0 1 0 0 2 0
7 2 0 2 0 3 0
15 3 2 3 2 3 2
465 354 0 111 0 0 0
389 56 0 240 0 93 0
3 1 0 1 0 1 0
932 105 0 824 0 3 0
996 0 248 250 0 250 248
