99
6 2 0 2 0 2 0
3 1 0 2 0 0 0
478 148 0 207 0 123 0
999 333 0 333 0 333 0
522 260 0 98 0 164 0
996 880 0 14 0 102 0
23 4 0 8 0 11 0
3 1 0 1 0 1 0
472 208 0 214 0 50 0
4 1 0 2 0 1 0
12 6 0 1 0 5 0
652 201 0 159 0 292 0
997 315 0 434 0 248 0
516 247 0 226 0 43 0
956 292 0 409 0 255 0
36 6 0 15 0 15 0
391 100 0 146 0 145 0
455 218 0 139 0 98 0
5 2 0 1 0 2 0
205 89 0 102 0 14 0
816 306 0 194 0 316 0
337 72 0 133 0 132 0
829 297 0 404 0 128 0
7 2 0 2 0 3 0
849 35 0 453 0 361 0
953 366 0 223 0 364 0
261 118 0 79 0 64 0
5 1 0 3 0 1 0
344 152 0 42 0 150 0
895 429 0 262 0 204 0
89 20 0 63 0 6 0
387 152 0 78 0 157 0
694 251 0 289 0 154 0
1000 250 0 250 0 500 0
694 291 0 60 0 343 0
193 66 0 64 0 63 0
390 162 0 221 0 7 0
891 169 0 359 0 363 0
999 499 0 1 0 499 0
1000 0 0 500 0 500 0
999 250 0 499 0 250 0
4 2 0 1 0 1 0
458 201 0 221 0 36 0
942 206 0 362 0 374 0
887 145 0 548 0 194 0
40 20 0 7 0 13 0
61 5 0 26 0 30 0
767 322 0 245 0 200 0
544 66 0 249 0 229 0
366 22 0 175 0 169 0
188 69 0 29 0 90 0
502 51 0 247 0 204 0
491 235 0 114 0 142 0
270 105 0 63 0 102 0
260 44 0 95 0 121 0
218 15 0 97 0 106 0
483 115 0 238 0 130 0
471 9 0 456 0 6 0
5 3 0 2 0 0 0
893 257 0 360 0 276 0
388 158 0 119 0 111 0
19 6 0 9 0 4 0
456 379 0 29 0 48 0
1000 501 0 0 0 499 0
540 261 0 135 0 144 0
610 268 0 96 0 246 0
79 37 0 7 0 35 0
4 0 0 2 0 2 0
354 90 0 159 0 105 0
448 39 0 217 0 192 0
258 116 0 124 0 18 0
386 112 0 153 0 121 0
207 88 0 91 0 28 0
179 40 0 50 0 89 0
999 250 0 249 0 500 0
625 76 0 102 0 447 0
549 125 0 169 0 255 0
4 1 0 1 0 2 0
918 191 0 554 0 173 0
102 37 0 13 0 52 0
631 284 0 72 0 275 0
999 499 0 500 0 0 0
549 121 0 263 0 165 0
1000 333 0 334 0 333 0
491 217 0 58 0 216 0
6 1 0 3 0 2 0
4 1 0 0 0 3 0
6 3 0 3 0 0 0
115 52 0 19 0 44 0
1000 1 0 499 0 500 0
129 54 0 57 0 18 0
622 210 0 239 0 173 0
3 3 0 0 0 0 0
876 361 0 102 0 413 0
519 218 0 158 0 143 0
836 299 0 249 0 288 0
423 117 0 147 0 159 0
471 14 0 224 0 233 0
833 404 0 35 0 394 0
